C: ~\>python3 ludo.py.zip
Enter dice meta file path: wuerfel3.txt
Decoding wuerfel3.txt...
Sucessfully loaded 6 dices from wuerfel3.txt:
[1, 2, 5, 6]
[1, 2, 3, 4, 5, 6]
[1, 2, 3, 4, 5, 6, 7, 8]
[0, 1, 2, 3, 4, 5, 6, 7, 8, 9]
[1, 2, 3, 4, 5, 6, 7, 8, 9, 10, 11, 12]
[1, 2, 3, 4, 5, 6, 7, 8, 9, 10, 11, 12, 13, 14, 15, 16, 17, 18, 19, 20]


Simulating game 1/15 1000000 times ([1, 2, 5, 6] vs. [1, 2, 3, 4, 5, 6])
█████████████████████████████████████████ Done 1000000/1000000 00:25
[1, 2, 5, 6]        711058
[1, 2, 3, 4, 5, 6]  288942
game timeout / tie       0


Simulating game 2/15 1000000 times ([1, 2, 5, 6] vs. [1, 2, 3, 4, 5, 6, 7, 8])
█████████████████████████████████████████ Done 1000000/1000000 00:23
[1, 2, 5, 6]              658694
[1, 2, 3, 4, 5, 6, 7, 8]  341306
game timeout / tie             0


Simulating game 3/15 1000000 times ([1, 2, 5, 6] vs. [0, 1, 2, 3, 4, 5, 6, 7, 8, 9])
█████████████████████████████████████████ Done 1000000/1000000 00:22
[1, 2, 5, 6]                    796112
[0, 1, 2, 3, 4, 5, 6, 7, 8, 9]  203888
game timeout / tie                   0


Simulating game 4/15 1000000 times ([1, 2, 5, 6] vs. [1, 2, 3, 4, 5, 6, 7, 8, 9, 10, 11, 12])
█████████████████████████████████████████ Done 1000000/1000000 00:21
[1, 2, 5, 6]                             769502
[1, 2, 3, 4, 5, 6, 7, 8, 9, 10, 11, 12]  230498
game timeout / tie                            0


Simulating game 5/15 1000000 times ([1, 2, 5, 6] vs. [1, 2, 3, 4, 5, 6, 7, 8, 9, 10, 11, 12, 13, 14, 15, 16, 17, 18, 19, 20])
█████████████████████████████████████████ Done 1000000/1000000 00:20
[1, 2, 5, 6]                                                             930761
[1, 2, 3, 4, 5, 6, 7, 8, 9, 10, 11, 12, 13, 14, 15, 16, 17, 18, 19, 20]   69239
game timeout / tie                                                            0


Simulating game 6/15 1000000 times ([1, 2, 3, 4, 5, 6] vs. [1, 2, 3, 4, 5, 6, 7, 8])
█████████████████████████████████████████ Done 1000000/1000000 00:23
[1, 2, 3, 4, 5, 6]        474015
[1, 2, 3, 4, 5, 6, 7, 8]  525985
game timeout / tie             0


Simulating game 7/15 1000000 times ([1, 2, 3, 4, 5, 6] vs. [0, 1, 2, 3, 4, 5, 6, 7, 8, 9])
█████████████████████████████████████████ Done 1000000/1000000 00:22
[1, 2, 3, 4, 5, 6]              648611
[0, 1, 2, 3, 4, 5, 6, 7, 8, 9]  351389
game timeout / tie                   0


Simulating game 8/15 1000000 times ([1, 2, 3, 4, 5, 6] vs. [1, 2, 3, 4, 5, 6, 7, 8, 9, 10, 11, 12])
█████████████████████████████████████████ Done 1000000/1000000 00:21
[1, 2, 3, 4, 5, 6]                       644770
[1, 2, 3, 4, 5, 6, 7, 8, 9, 10, 11, 12]  355230
game timeout / tie                            0


Simulating game 9/15 1000000 times ([1, 2, 3, 4, 5, 6] vs. [1, 2, 3, 4, 5, 6, 7, 8, 9, 10, 11, 12, 13, 14, 15, 16, 17, 18, 19, 20])
█████████████████████████████████████████ Done 1000000/1000000 00:21
[1, 2, 3, 4, 5, 6]                                                       881847
[1, 2, 3, 4, 5, 6, 7, 8, 9, 10, 11, 12, 13, 14, 15, 16, 17, 18, 19, 20]  118153
game timeout / tie                                                            0


Simulating game 10/15 1000000 times ([1, 2, 3, 4, 5, 6, 7, 8] vs. [0, 1, 2, 3, 4, 5, 6, 7, 8, 9])
█████████████████████████████████████████ Done 1000000/1000000 00:20
[1, 2, 3, 4, 5, 6, 7, 8]        649594
[0, 1, 2, 3, 4, 5, 6, 7, 8, 9]  350406
game timeout / tie                   0


Simulating game 11/15 1000000 times ([1, 2, 3, 4, 5, 6, 7, 8] vs. [1, 2, 3, 4, 5, 6, 7, 8, 9, 10, 11, 12])
█████████████████████████████████████████ Done 1000000/1000000 00:19
[1, 2, 3, 4, 5, 6, 7, 8]                 641148
[1, 2, 3, 4, 5, 6, 7, 8, 9, 10, 11, 12]  358852
game timeout / tie                            0


Simulating game 12/15 1000000 times ([1, 2, 3, 4, 5, 6, 7, 8] vs. [1, 2, 3, 4, 5, 6, 7, 8, 9, 10, 11, 12, 13, 14, 15, 16, 17, 18, 19, 20])
█████████████████████████████████████████ Done 1000000/1000000 00:19
[1, 2, 3, 4, 5, 6, 7, 8]                                                 868348
[1, 2, 3, 4, 5, 6, 7, 8, 9, 10, 11, 12, 13, 14, 15, 16, 17, 18, 19, 20]  131652
game timeout / tie                                                            0


Simulating game 13/15 1000000 times ([0, 1, 2, 3, 4, 5, 6, 7, 8, 9] vs. [1, 2, 3, 4, 5, 6, 7, 8, 9, 10, 11, 12])
█████████████████████████████████████████ Done 1000000/1000000 00:19
[0, 1, 2, 3, 4, 5, 6, 7, 8, 9]           514318
[1, 2, 3, 4, 5, 6, 7, 8, 9, 10, 11, 12]  485682
game timeout / tie                            0


Simulating game 14/15 1000000 times ([0, 1, 2, 3, 4, 5, 6, 7, 8, 9] vs. [1, 2, 3, 4, 5, 6, 7, 8, 9, 10, 11, 12, 13, 14, 15, 16, 17, 18, 19, 20])
█████████████████████████████████████████ Done 1000000/1000000 00:20
[0, 1, 2, 3, 4, 5, 6, 7, 8, 9]                                           790127
[1, 2, 3, 4, 5, 6, 7, 8, 9, 10, 11, 12, 13, 14, 15, 16, 17, 18, 19, 20]  209873
game timeout / tie                                                            0


Simulating game 15/15 1000000 times ([1, 2, 3, 4, 5, 6, 7, 8, 9, 10, 11, 12] vs. [1, 2, 3, 4, 5, 6, 7, 8, 9, 10, 11, 12, 13, 14, 15, 16, 17, 18, 19, 20])
█████████████████████████████████████████ Done 1000000/1000000 00:19
[1, 2, 3, 4, 5, 6, 7, 8, 9, 10, 11, 12]                                  756511
[1, 2, 3, 4, 5, 6, 7, 8, 9, 10, 11, 12, 13, 14, 15, 16, 17, 18, 19, 20]  243489
game timeout / tie                                                            0