C: ~\>python3 ludo.py.zip
Enter dice meta file path: wuerfel0.txt
Decoding wuerfel0.txt...
Sucessfully loaded 6 dices from wuerfel0.txt:
[1, 2, 3, 4, 5, 6]
[1, 1, 1, 6, 6, 6]
[1, 2, 3, 4]
[0, 1, 2, 3, 4, 5, 6, 7, 8, 9]
[1, 2, 3, 4, 5, 6, 7, 8, 9, 10, 11, 12]
[1, 2, 3, 4, 5, 6, 7, 8, 9, 10, 11, 12, 13, 14, 15, 16, 17, 18, 19, 20]


Simulating game 1/15 1000000 times ([1, 2, 3, 4, 5, 6] vs. [1, 1, 1, 6, 6, 6])
█████████████████████████████████████████ Done 1000000/1000000 00:22
[1, 2, 3, 4, 5, 6]   14459
[1, 1, 1, 6, 6, 6]  985541
game timeout / tie       0


Simulating game 2/15 1000000 times ([1, 2, 3, 4, 5, 6] vs. [1, 2, 3, 4])
█████████████████████████████████████████ Done 1000000/1000000 00:00
[1, 2, 3, 4, 5, 6]  1000000
[1, 2, 3, 4]              0
game timeout / tie        0


Simulating game 3/15 1000000 times ([1, 2, 3, 4, 5, 6] vs. [0, 1, 2, 3, 4, 5, 6, 7, 8, 9])
█████████████████████████████████████████ Done 1000000/1000000 00:22
[1, 2, 3, 4, 5, 6]              648051
[0, 1, 2, 3, 4, 5, 6, 7, 8, 9]  351949
game timeout / tie                   0


Simulating game 4/15 1000000 times ([1, 2, 3, 4, 5, 6] vs. [1, 2, 3, 4, 5, 6, 7, 8, 9, 10, 11, 12])
█████████████████████████████████████████ Done 1000000/1000000 00:21
[1, 2, 3, 4, 5, 6]                       644915
[1, 2, 3, 4, 5, 6, 7, 8, 9, 10, 11, 12]  355085
game timeout / tie                            0


Simulating game 5/15 1000000 times ([1, 2, 3, 4, 5, 6] vs. [1, 2, 3, 4, 5, 6, 7, 8, 9, 10, 11, 12, 13, 14, 15, 16, 17, 18, 19, 20])
█████████████████████████████████████████ Done 1000000/1000000 00:21
[1, 2, 3, 4, 5, 6]                                                       882915
[1, 2, 3, 4, 5, 6, 7, 8, 9, 10, 11, 12, 13, 14, 15, 16, 17, 18, 19, 20]  117085
game timeout / tie                                                            0


Simulating game 6/15 1000000 times ([1, 1, 1, 6, 6, 6] vs. [1, 2, 3, 4])
█████████████████████████████████████████ Done 1000000/1000000 00:00
[1, 1, 1, 6, 6, 6]  1000000
[1, 2, 3, 4]              0
game timeout / tie        0


Simulating game 7/15 1000000 times ([1, 1, 1, 6, 6, 6] vs. [0, 1, 2, 3, 4, 5, 6, 7, 8, 9])
█████████████████████████████████████████ Done 1000000/1000000 00:20
[1, 1, 1, 6, 6, 6]              984619
[0, 1, 2, 3, 4, 5, 6, 7, 8, 9]   15381
game timeout / tie                   0


Simulating game 8/15 1000000 times ([1, 1, 1, 6, 6, 6] vs. [1, 2, 3, 4, 5, 6, 7, 8, 9, 10, 11, 12])
█████████████████████████████████████████ Done 1000000/1000000 00:19
[1, 1, 1, 6, 6, 6]                       966046
[1, 2, 3, 4, 5, 6, 7, 8, 9, 10, 11, 12]   33954
game timeout / tie                            0


Simulating game 9/15 1000000 times ([1, 1, 1, 6, 6, 6] vs. [1, 2, 3, 4, 5, 6, 7, 8, 9, 10, 11, 12, 13, 14, 15, 16, 17, 18, 19, 20])
█████████████████████████████████████████ Done 1000000/1000000 00:17
[1, 1, 1, 6, 6, 6]                                                       988933
[1, 2, 3, 4, 5, 6, 7, 8, 9, 10, 11, 12, 13, 14, 15, 16, 17, 18, 19, 20]   11067
game timeout / tie                                                            0


Simulating game 10/15 1000000 times ([1, 2, 3, 4] vs. [0, 1, 2, 3, 4, 5, 6, 7, 8, 9])
█████████████████████████████████████████ Done 1000000/1000000 00:00
[1, 2, 3, 4]                          0
[0, 1, 2, 3, 4, 5, 6, 7, 8, 9]  1000000
game timeout / tie                    0


Simulating game 11/15 1000000 times ([1, 2, 3, 4] vs. [1, 2, 3, 4, 5, 6, 7, 8, 9, 10, 11, 12])
█████████████████████████████████████████ Done 1000000/1000000 00:00
[1, 2, 3, 4]                                   0
[1, 2, 3, 4, 5, 6, 7, 8, 9, 10, 11, 12]  1000000
game timeout / tie                             0


Simulating game 12/15 1000000 times ([1, 2, 3, 4] vs. [1, 2, 3, 4, 5, 6, 7, 8, 9, 10, 11, 12, 13, 14, 15, 16, 17, 18, 19, 20])
█████████████████████████████████████████ Done 1000000/1000000 00:00
[1, 2, 3, 4]                                                                   0
[1, 2, 3, 4, 5, 6, 7, 8, 9, 10, 11, 12, 13, 14, 15, 16, 17, 18, 19, 20]  1000000
game timeout / tie                                                             0


Simulating game 13/15 1000000 times ([0, 1, 2, 3, 4, 5, 6, 7, 8, 9] vs. [1, 2, 3, 4, 5, 6, 7, 8, 9, 10, 11, 12])
█████████████████████████████████████████ Done 1000000/1000000 00:19
[0, 1, 2, 3, 4, 5, 6, 7, 8, 9]           512773
[1, 2, 3, 4, 5, 6, 7, 8, 9, 10, 11, 12]  487227
game timeout / tie                            0


Simulating game 14/15 1000000 times ([0, 1, 2, 3, 4, 5, 6, 7, 8, 9] vs. [1, 2, 3, 4, 5, 6, 7, 8, 9, 10, 11, 12, 13, 14, 15, 16, 17, 18, 19, 20])
█████████████████████████████████████████ Done 1000000/1000000 00:19
[0, 1, 2, 3, 4, 5, 6, 7, 8, 9]                                           790687
[1, 2, 3, 4, 5, 6, 7, 8, 9, 10, 11, 12, 13, 14, 15, 16, 17, 18, 19, 20]  209313
game timeout / tie                                                            0


Simulating game 15/15 1000000 times ([1, 2, 3, 4, 5, 6, 7, 8, 9, 10, 11, 12] vs. [1, 2, 3, 4, 5, 6, 7, 8, 9, 10, 11, 12, 13, 14, 15, 16, 17, 18, 19, 20])
█████████████████████████████████████████ Done 1000000/1000000 00:19
[1, 2, 3, 4, 5, 6, 7, 8, 9, 10, 11, 12]                                  756590
[1, 2, 3, 4, 5, 6, 7, 8, 9, 10, 11, 12, 13, 14, 15, 16, 17, 18, 19, 20]  243410
game timeout / tie                                                            0